{
  "oldParams": true,
  "wave_type": 3,
  "p_env_attack": 0.013086235767406326,
  "p_env_sustain": 0.4571291944930027,
  "p_env_punch": 0.5607801965923312,
  "p_env_decay": -0.21196135444551528,
  "p_base_freq": 0.2982700536207715,
  "p_freq_limit": 0,
  "p_freq_ramp": 0.000055422702616399116,
  "p_freq_dramp": -0.15173925581840006,
  "p_vib_strength": -0.14380387842460296,
  "p_vib_speed": 0.033525599024781805,
  "p_arp_mod": -0.3997118319266679,
  "p_arp_speed": 0.3160884631133203,
  "p_duty": -0.4962361065901515,
  "p_duty_ramp": -0.19807202479943117,
  "p_repeat_speed": 0.9072486105078728,
  "p_pha_offset": 0.2033883303105109,
  "p_pha_ramp": -0.08960596191363053,
  "p_lpf_freq": 0.9942767952530768,
  "p_lpf_ramp": 0.045013491094796326,
  "p_lpf_resonance": 0.5082676571311393,
  "p_hpf_freq": 0.0766449930272027,
  "p_hpf_ramp": -0.015196032066459503,
  "sound_vol": 0.25,
  "sample_rate": 44100,
  "sample_size": 8
}